MarkerName	variants_name	chr	position	a0	a1	exp_freq	info	certainty	N.cases	N.controls	Frequency	Estimate	SE	P.Wald	chi.stat.LRT	P.LRT	Score.Z	P.Score
12:28347382:C:T	12_28347382_C_T	12	28347382	C	T	0.197	0.976	0.99	76479	53772	0.208018237863817	-0.0642752467703252	0.0101762663547899	2.68087864588176e-10	39.8417694776144	2.75392264548202e-10	-6.31722394680045	2.66303645801713e-10
12:29140260:G:A	12_29140260_G_A	12	29140260	G	A	0.91	0.999	1	76479	53772	0.91672223629761	0.0908038305180271	0.0147585956688697	7.62197910069727e-10	37.7550045517273	8.02106825403825e-10	6.15455537359343	7.52884199428649e-10
17:53003281:A:AACAAC	17_53003281_A_AACAAC	17	53003281	A	AACAAC	0.295	0.999	1	76479	53772	0.297814531174425	-0.0617162718054879	0.00895461547909493	5.49675186191353e-12	47.4668245464272	5.5943027987837e-12	-6.89318828575689	5.45563594300802e-12
2:217955896:GA:G	2_217955896_GA_G	2	217955896	GA	G	0.039	0.986	0.999	76479	53772	0.0336059569600233	-0.22484345375547	0.0226855374023945	3.71729763493112e-23	97.795240836771	0	-9.92953980335541	0
5:56053745:AAAAC:AAAACAAAC	5_56053745_AAAAC_AAAACAAAC	5	56053745	AAAAC	AAAACAAAC	0.157	0.996	0.999	76479	53772	0.171157584202808	0.165102282069739	0.0109879546365215	4.97929881134719e-51	227.68658800071	0	15.0418374843394	0
6:82263549:AAT:A	6_82263549_AAT_A	6	82263549	AAT	A	0.444	0.934	0.954	76479	53772	0.431693299859502	0.0508747815982886	0.00854390311306924	2.60847499632446e-09	35.4781236806011	2.57931198621719e-09	5.95511815454878	2.59884003206423e-09
8:128345939:C:CCTTCTT	8_128345939_C_CCTTCTT	8	128345939	C	CCTTCTT	0.433	0.998	0.999	76479	53772	0.409216232504933	0.0999878698312498	0.00836680266138904	6.44991769441159e-33	143.104214528954	0	11.9554780076867	0
chr1_10566215_A_G	1_10566215_A_G	1	10566215	A	G	0.297	1	1	76479	53772	0.322070463950373	-0.0604975696843571	0.00875097539292048	4.73716446807151e-12	47.7638568490511	4.80770978583678e-12	-6.9142766436574	4.70246064310231e-12
chr1_121280613_A_G	1_121280613_A_G	1	121280613	A	G	0.417	1	1	76479	53772	0.421025558345042	0.103380742663805	0.00831487326154908	1.72517075281737e-35	154.894360363163	0	12.4387312531045	0
chr1_149906413_C_T	1_149906413_T_C	1	149906413	T	C	0.379	1	1	76479	53772	0.407966157649461	0.0457863450372502	0.00834944294264929	4.16378496824843e-08	30.0918074256624	4.12068354993522e-08	5.48423620125269	4.1525963334621e-08
chr1_201437832_C_T	1_201437832_C_T	1	201437832	C	T	0.049	1	1	76479	53772	0.0603565423681968	0.116597010977206	0.0173866737164559	1.99875993738114e-11	45.261745757045	1.72383218810523e-11	6.70948112234209	1.95317095830205e-11
chr1_242034263_A_G	1_242034263_A_G	1	242034263	A	G	0.034	1	1	76479	53772	0.0329517623665077	0.135632789691939	0.0231471394351766	4.64006173884239e-09	34.618249437015	4.01128041893628e-09	5.86369657909684	4.52674342454884e-09
chr10_115128491_C_T	10_115128491_T_C	10	115128491	T	C	0.763	1	1	76479	53772	0.778397094839963	-0.0555970021937083	0.00987757752336505	1.81670770070603e-08	31.739987769397	1.76255550154991e-08	-5.62930867796812	1.80933343862932e-08
chr10_64263402_C_G	10_64263402_C_G	10	64263402	C	G	0.51	1	1	76479	53772	0.495550897881782	-0.0572704039742822	0.00819867935361216	2.84206171561323e-12	48.812393929984	2.81652479117156e-12	-6.9862750600246	2.82285306241192e-12
chr10_80851257_G_T	10_80851257_G_T	10	80851257	G	T	0.625	1	1	76479	53772	0.605146985435812	-0.0768519591365	0.00839977543671096	5.73103594122073e-20	83.8348193332204	0	-9.15151908324878	0
chr10_80886726_A_G	10_80886726_A_G	10	80886726	A	G	0.183	1	1	76479	53772	0.170651280988246	0.0835856009654717	0.0109581563272238	2.38966718722718e-14	58.3800740126753	2.16493489801906e-14	7.62978038702264	2.35367281220533e-14
chr12_28149568_C_T	12_28149568_C_T	12	28149568	C	T	0.103	1	1	76479	53772	0.109212213341932	-0.129646665710363	0.0131041798792341	4.44063127304756e-23	97.6192686685827	0	-9.89975920488318	0
chr12_28174817_C_T	12_28174817_C_T	12	28174817	C	T	0.24	1	1	76479	53772	0.230025105373471	-0.118472872546803	0.00971846570258649	3.49308675064789e-34	148.401604988409	0	-12.1973380795508	0
chr12_96027759_A_G	12_96027759_A_G	12	96027759	A	G	0.274	1	1	76479	53772	0.286397033420089	-0.0780961720706986	0.00901806599399097	4.71892519097416e-18	74.9277678724029	0	-8.66213377352545	0
chr13_32972626_A_T	13_32972626_A_T	13	32972626	A	T	0.007	1	1	76479	53772	0.00966595266063216	0.276935256692566	0.0429188814968361	1.10000022935145e-10	42.552395235718	6.88139545346189e-11	6.47123840238477	9.72029123857965e-11
chr14_37128564_A_C	14_37128564_C_A	14	37128564	C	A	0.204	1	1	76479	53772	0.204505147753184	-0.0677512935865825	0.0101185515483843	2.14567979239564e-11	44.771034204663	2.21475060513399e-11	-6.69698158945947	2.12767581331264e-11
chr14_93070286_C_T	14_93070286_C_T	14	93070286	C	T	0.164	1	1	76479	53772	0.167380672701169	-0.0640786552820713	0.0109421046052102	4.73707519648567e-09	34.2411784213909	4.86877449468182e-09	-5.85710260494523	4.71012140401683e-09
chr15_91512267_G_T	15_91512267_G_T	15	91512267	G	T	0.134	1	1	76479	53772	0.129158317402554	-0.0936159761966541	0.0121471069770739	1.28957503145703e-14	59.2579556481505	1.38777878078145e-14	-7.70949195024644	1.26565424807268e-14
chr16_52599188_C_T	16_52599188_C_T	16	52599188	C	T	0.279	1	1	76479	53772	0.266431735648863	0.207923973027554	0.00935576777581148	2.00651623169601e-109	498.755968352227	0	22.2627768879291	0
chr16_52651714_A_G	16_52651714_A_G	16	52651714	A	G	0.347	1	1	76479	53772	0.331897643780086	0.0892889533317052	0.0087226266955903	1.36104644576116e-24	105.035270937486	0	10.2398179173676	0
chr16_53809123_C_T	16_53809123_C_T	16	53809123	C	T	0.454	1	1	76479	53772	0.411286669584111	-0.0586076053250779	0.00833148766578914	2.00018920464575e-12	49.4806586489722	2.0033974479361e-12	-7.03547530865689	1.98574490184455e-12
chr16_54682064_A_G	16_54682064_G_A	16	54682064	G	A	0.484	1	1	76479	53772	0.492775487328312	0.0511659452530815	0.00818654824802335	4.10446681166418e-10	39.0769306760048	4.07429978643847e-10	6.25068409200773	4.086586624652e-10
chr18_42888797_C_T	18_42888797_T_C	18	42888797	T	C	0.336	1	1	76479	53772	0.344857237180521	-0.0608034047249708	0.00858546398027769	1.41951486952381e-12	50.1337860481872	1.43607348235264e-12	-7.08321749601861	1.40842892903947e-12
chr19_44283031_C_T	19_44283031_T_C	19	44283031	T	C	0.342	1	1	76479	53772	0.362062479366761	0.0694499191039859	0.00853260483284201	3.97381780935906e-16	66.3481645984866	3.33066907387547e-16	8.14097310252749	4.44089209850063e-16
chr2_121159205_A_G	2_121159205_G_A	2	121159205	G	A	0.325	1	1	76479	53772	0.345774696547435	-0.0596920272976103	0.00856911412346115	3.26193158275982e-12	48.5020770783303	3.29936078458104e-12	-6.96698031645729	3.23807647362173e-12
chr2_121246568_C_T	2_121246568_T_C	2	121246568	T	C	0.894	1	1	76479	53772	0.90154778082318	0.10502016770554	0.0136337133878212	1.32933282375962e-14	59.1673932744889	1.4432899320127e-14	7.70632822207418	1.28785870856518e-14
chr2_202204741_C_T	2_202204741_T_C	2	202204741	T	C	0.689	1	1	76479	53772	0.713015639035401	-0.0515946664479414	0.00906937010662734	1.2786635098084e-08	32.4070271416276	1.25033515763207e-08	-5.6895096500295	1.27404691241395e-08
chr2_217860799_A_T	2_217860799_A_T	2	217860799	A	T	0.207	1	1	76479	53772	0.224224766028668	-0.0613998763330662	0.00976911316014406	3.27637710671359e-10	39.4556246340217	3.35599659173624e-10	-6.28606542798023	3.25612870000214e-10
chr2_217863554_A_T	2_217863554_A_T	2	217863554	A	T	0.279	1	1	76479	53772	0.297709806450622	-0.0633109407001354	0.00892122823485692	1.27806189008195e-12	50.3231514879444	1.30406796472471e-12	-7.0978307464072	1.26720856030715e-12
chr21_16364756_G_T	21_16364756_T_G	21	16364756	T	G	0.17	1	1	76479	53772	0.179879617047086	0.0628048968193692	0.0106986634120555	4.34876560760388e-09	34.5428350164439	4.16973566785828e-09	5.87126368238583	4.32485758317114e-09
chr21_16576493_A_G	21_16576493_G_A	21	16576493	G	A	0.235	1	1	76479	53772	0.240289901804977	-0.0688391115650177	0.0095548574497358	5.82061896848588e-13	51.8451416009339	6.00519634019747e-13	-7.2060034153361	5.76205749780456e-13
chr22_28552698_C_T	22_28552698_C_T	22	28552698	C	T	0.006	1	1	76479	53772	0.0108406077496526	0.365422789369675	0.0410435225464354	5.42104636494212e-19	81.6617636025767	0	8.94687832712474	0
chr3_4742251_A_G	3_4742251_A_G	3	4742251	A	G	0.337	1	1	76479	53772	0.386737913720432	0.0501183829421649	0.00844532331891557	2.94824933628819e-09	35.2505695492146	2.89897306160469e-09	5.93506974499308	2.93720603394831e-09
chr4_175842495_A_G	4_175842495_G_A	4	175842495	G	A	0.103	1	1	76479	53772	0.110908937359406	-0.0949534242086874	0.0129405502664492	2.1735218349144e-13	53.7093586754927	2.32480701356508e-13	-7.34025807160624	2.1316282072803e-13
chr4_175847436_A_C	4_175847436_C_A	4	175847436	C	A	0.342	1	1	76479	53772	0.347026126478875	0.0525707034894232	0.00860777289812963	1.01297340656727e-09	37.3421932011552	9.91168480624083e-10	6.10804635556769	1.00858055240849e-09
chr5_158244083_C_T	5_158244083_C_T	5	158244083	C	T	0.575	1	1	76479	53772	0.558133910680148	-0.0733920424583642	0.0082551315693002	6.08481175728212e-19	79.1250401884026	0	-8.89246333515696	0
chr5_55965167_C_T	5_55965167_C_T	5	55965167	C	T	0.566	1	1	76479	53772	0.564740385870358	0.0459278884921338	0.00823341516969541	2.42977404498457e-08	31.1148872657213	2.43198994276383e-08	5.57872066798204	2.4229396267117e-08
chr5_56045081_C_T	5_56045081_T_C	5	56045081	T	C	0.157	1	1	76479	53772	0.156697453378477	-0.0957218320576677	0.011206647477576	1.32464748942314e-17	72.8131816467794	0	-8.54462917893659	0
chr5_81512948_A_INDEL	5_81512947_TA_T	5	81512947	TA	T	0.265	1	1	76479	53772	0.245172781782865	-0.0522582839005941	0.00949616381797061	3.73182920552457e-08	30.255531675386	3.78709616999373e-08	-5.50370347362897	3.71894857131849e-08
chr5_90789470_A_G	5_90789470_G_A	5	90789470	G	A	0.169	1	1	76479	53772	0.152716677799019	-0.0671881082790154	0.0113618149446689	3.34910733660595e-09	34.9093925591151	3.45410566815474e-09	-5.91454370216726	3.32796878943498e-09
chr8_29509616_A_C	8_29509616_A_C	8	29509616	A	C	0.669	1	1	76479	53772	0.667430576348742	-0.0562255729295689	0.00872627931798384	1.16944149519925e-10	41.5673897633096	1.13877018925734e-10	-6.44407934996349	1.16304299524472e-10
chr8_36858483_A_G	8_36858483_A_G	8	36858483	A	G	0.231	1	1	76479	53772	0.175641645745522	-0.0860446131661791	0.0107950647190049	1.57731880769233e-15	63.4206934265094	1.66533453693773e-15	-7.97307576257515	1.55431223447522e-15
chr8_76333056_C_T	8_76333056_C_T	8	76333056	C	T	0.101	1	1	76479	53772	0.092797752032614	0.104062056774194	0.0142348166174659	2.66368726114954e-13	53.730073998915	2.30038210702332e-13	7.31337802280186	2.60458321577062e-13
rs10012017:38784633:G:T	4_38784633_G_T	4	38784633	G	T	0.278	0.999	0.999	76479	53772	0.252207384204344	0.0532717749902712	0.00954925704351316	2.4241980543659e-08	31.1681537569093	2.36616163329373e-08	5.57926733421874	2.41533781863978e-08
rs10069690	5_1279790_C_T	5	1279790	C	T	0.27	1	1	76479	53772	0.264907755026833	0.0525234264454281	0.00928164731816981	1.52392917788959e-08	32.0708548155671	1.4865074060566e-08	5.65948181132213	1.51830739092418e-08
rs10096351:128372172:A:G	8_128372172_A_G	8	128372172	A	G	0.587	1	1	76479	53772	0.56118283544848	0.104081127242345	0.00825481358301662	1.89476272079434e-36	159.071247553773	0	12.6142296767215	0
rs10164323:18569492:C:T	19_18569492_C_T	19	18569492	C	T	0.308	1	1	76479	53772	0.338777602475221	-0.0672680120037811	0.00865581449519738	7.76081083172879e-15	60.3626353561704	7.88258347483861e-15	-7.77287110040323	7.7715611723761e-15
rs1016578	8_129199566_G_A	8	129199566	G	A	0.208	1	1	76479	53772	0.178989028875018	0.0589276289148886	0.0107511177376067	4.22761155619159e-08	30.1092997895903	4.08368193705044e-08	5.48181945713077	4.20973726988905e-08
rs10650378:128364602:C:CT	8_128364602_C_CT	8	128364602	C	CT	0.457	0.93	0.954	76479	53772	0.474145952814182	-0.0819121730571388	0.0085253522512707	7.3922218888523e-22	92.363338393392	0	-9.61058704396616	0
rs10788196	10_123417635_T_G	10	123417635	T	G	0.867	1	1	76479	53772	0.843106770773353	-0.145704311634751	0.0113759639663442	1.47735930589348e-37	165.231843700836	0	-12.8186791755504	0
rs10816625	9_110837073_A_G	9	110837073	A	G	0.066	1	1	76479	53772	0.0664716585669208	0.0928209318208158	0.016581945012363	2.17200740163831e-08	31.4931253115938	2.00147617368529e-08	5.59952995567265	2.14933792985761e-08
rs10886946	10_123335866_T_C	10	123335866	T	C	0.205	1	1	76479	53772	0.209779579427413	0.172529307798703	0.010170318062911	1.51651366682603e-64	290.168424037081	0	16.9838898711515	0
rs10941679	5_44706498_A_G	5	44706498	A	G	0.253	1	1	76479	53772	0.263594905221457	0.145872081304672	0.00942125148276168	4.49782274766845e-54	241.114405726606	0	15.4962865667956	0
rs10995201:64299890:A:G	10_64299890_A_G	10	64299890	A	G	0.169	0.983	0.993	76479	53772	0.150799087914872	-0.108992605670095	0.0114964774546914	2.53014545380809e-21	89.6823073763517	0	-9.48487938025128	0
rs111458676:121287994:A:G	1_121287994_A_G	1	121287994	A	G	0.119	0.961	0.99	76479	53772	0.10274540310631	-0.0894468002991026	0.0137741244852657	8.36820807127993e-11	42.0587529081095	8.85718165477556e-11	-6.4957734459882	8.26079205040742e-11
rs11249430:121288913:C:G	1_121288913_C_G	1	121288913	C	G	0.5	0.994	0.997	76479	53772	0.511349536663826	0.0849295110146382	0.00823645006427914	6.25687024045531e-25	106.405254274636	0	10.3144999343867	0
rs112576115:128355551:TA:TAA	8_128355551_TA_TAA	8	128355551	TA	TAA	0.589	0.992	0.995	76479	53772	0.562529742573953	0.102161310605023	0.00829403256129073	7.29674137523248e-35	151.802242626931	0	12.3227666031805	0
rs112987831:121402045:G:A	1_121402045_G_A	1	121402045	G	A	0.393	0.733	0.828	76479	53772	0.407486691081067	0.0858763232836176	0.00973272197886883	1.10972248606935e-18	77.9386972364737	0	8.8255017766725	0
rs11624333	14_68979835_T_C	14	68979835	T	C	0.215	1	1	76479	53772	0.247422284665761	-0.0929930495350411	0.00945470113263662	7.90622198970743e-23	96.6262087962532	0	-9.83909058103991	0
rs11693806:218292158:C:G	2_218292158_C_G	2	218292158	C	G	0.729	0.973	0.986	76479	53772	0.723529869252443	-0.0642990975273985	0.00928740960040459	4.41384689049976e-12	48.0208272641466	4.21718215903866e-12	-6.92439548651655	4.37849756451669e-12
rs12550713:128370949:C:G	8_128370949_C_G	8	128370949	C	G	0.448	0.999	1	76479	53772	0.417183810488979	0.101099692803833	0.00834465435262704	8.74251122657083e-34	147.07616769438	0	12.1206235898354	0
rs132289:29551872:A:G	22_29551872_A_G	22	29551872	A	G	0.987	0.918	0.997	76479	53772	0.982875947209618	-0.219595924280672	0.0335657477244778	6.05951207194111e-11	43.4051021905034	4.45026238082846e-11	-6.55328775042506	5.62838664563969e-11
rs140000037:27530571:GT:G	3_27530571_GT_G	3	27530571	GT	G	0.205	0.833	0.919	76479	53772	0.193904668678168	0.100145189630563	0.0113268734735895	9.45437336816363e-19	78.4576389403956	0	8.844440608876	0
rs146319495:123349012:C:CTT	10_123349012_C_CTT	10	123349012	C	CTT	0.04	0.984	0.998	76479	53772	0.03916658221434	0.156556845728884	0.0216371330394711	4.63600842694152e-13	52.8741150826972	3.55604434787438e-13	7.24204090808929	4.42090808405737e-13
rs150730401:44759849:C:T	5_44759849_C_T	5	44759849	C	T	0.057	0.96	0.994	76479	53772	0.0822209004153519	0.111682354410986	0.015250287222093	2.41954833581487e-13	53.9163373523916	2.09166017839379e-13	7.32673882916808	2.35811370430383e-13
rs1511243:76230943:A:G	8_76230943_A_G	8	76230943	A	G	0.83	1	1	76479	53772	0.83476932998595	0.065722220258185	0.0109852908650113	2.19404903628832e-09	35.7364193411195	2.25901231054593e-09	5.98376657261962	2.18035722809873e-09
rs16886165	5_56023083_T_G	5	56023083	T	G	0.159	1	1	76479	53772	0.172658943117519	0.162762647904987	0.0109426238615434	4.84829462980646e-50	223.078139089543	0	14.8896381248299	0
rs187108781:44619502:A:G	5_44619502_A_G	5	44619502	A	G	0.146	0.993	0.997	76479	53772	0.149051485209327	-0.0851090486661432	0.0115053774011257	1.38952194539101e-13	54.6059043195564	1.47326595367758e-13	-7.39942181240595	1.36779476633819e-13
rs1895062:119313486:A:G	9_119313486_A_G	9	119313486	A	G	0.378	0.987	0.991	76479	53772	0.399527055454469	-0.0532212569588048	0.00840156282699094	2.37826113845731e-10	40.1210576784506	2.38701947097297e-10	-6.33542347687418	2.36690222976677e-10
rs2004201:123364440:G:A	10_123364440_G_A	10	123364440	G	A	0.788	0.993	0.996	76479	53772	0.780397889459582	-0.0949385840090284	0.00998372883088677	1.91892248608864e-21	90.750194972672	0	-9.51271566543874	0
rs2069416:22010004:T:A	9_22010004_T_A	9	22010004	T	A	0.364	0.996	0.998	76479	53772	0.337765652470998	-0.0535110638232402	0.00866948882034327	6.72850759486061e-10	38.0814740898786	6.78513134566572e-10	-6.17307037505701	6.69763799976408e-10
rs2166690:128394475:T:G	8_128394475_T_G	8	128394475	T	G	0.318	0.997	0.998	76479	53772	0.331508525846251	-0.0769669061306201	0.00871400523491844	1.0231394740583e-18	77.9691089713306	0	-8.83470032420442	0
rs2271439	11_1901467_A_C	11	1901467	A	C	0.813	1	1	76479	53772	0.827978288074564	0.0600007206194661	0.0108055649864099	2.81192299081387e-08	30.7867449810146	2.87998361825359e-08	5.55356440887428	2.79902463429238e-08
rs2403907:16574455:C:A	21_16574455_C_A	21	16574455	C	A	0.304	0.996	0.998	76479	53772	0.307170271245518	-0.0749446507269281	0.00888333396622328	3.26854618062836e-17	71.1247927437944	0	-8.43848328263662	0
rs2454399	12_115835836_T_C	12	115835836	T	C	0.402	1	1	76479	53772	0.405931624325341	-0.0816723161614194	0.00831935728758645	9.49981556263234e-23	96.3810657739814	0	-9.81986641329919	0
rs2588809	14_68660428_T_C	14	68660428	T	C	0.804	1	1	76479	53772	0.827732608578821	-0.0619534339328531	0.0109503911760592	1.53463492285159e-08	32.0862878182961	1.47474541467574e-08	-5.65849797982707	1.52703514277874e-08
rs2736109:1296759:C:T	5_1296759_C_T	5	1296759	C	T	0.409	0.987	0.992	76479	53772	0.400987343667227	-0.0539543665920501	0.00837418464517636	1.17181272133547e-10	41.504785651603	1.17582721337328e-10	-6.44371260711796	1.16585852083517e-10
rs2787486:53209774:A:C	17_53209774_A_C	17	53209774	A	C	0.285	0.998	0.999	76479	53772	0.293651799218432	-0.0679431520701559	0.00899593846558755	4.26498223603856e-14	56.9985801065923	4.36317648677687e-14	-7.55406656044895	4.21884749357559e-14
rs2992756:18807339:T:C	1_18807339_T_C	1	18807339	T	C	0.513	0.999	0.999	76479	53772	0.505054295168559	-0.0619614992242276	0.00817334664022724	3.43109177245259e-14	57.4988739085966	3.38618022510673e-14	-7.58213367670078	3.39728245535298e-14
rs3057314:21964882:CAAAA:C	9_21964882_CAAAA_C	9	21964882	CAAAA	C	0.323	0.97	0.982	76479	53772	0.329747353187308	0.0689591790854893	0.0088581269056968	6.97965984537258e-15	60.7034023967863	6.66133814775094e-15	7.78632535188995	6.88338275267597e-15
rs3058492:110906192:A:ATTTT	9_110906192_A_ATTTT	9	110906192	A	ATTTT	0.395	0.804	0.87	76479	53772	0.372331651964284	0.0756058700233797	0.00941304435067851	9.58716392608603e-16	64.5968935560377	8.88178419700125e-16	8.03361777807466	8.88178419700125e-16
rs3215401	5_1296255_A_AG	5	1296255	A	AG	0.298	1	1	76479	53772	0.298826880407828	-0.0737168392782813	0.0089086670968283	1.28744065407764e-16	68.4182598690968	1.11022302462516e-16	-8.27658598972694	2.22044604925031e-16
rs34207738:141112859:CTT:C	3_141112859_CTT_C	3	141112859	CTT	C	0.38	0.997	0.998	76479	53772	0.420994314822919	0.0490978281676961	0.00833263097612549	3.81004511947276e-09	34.7437752864498	3.76079256625417e-09	5.89282336818359	3.79652154158805e-09
rs35039974:69328130:A:T	11_69328130_A_T	11	69328130	A	T	0.196	0.947	0.979	76479	53772	0.206635956729699	-0.0643075371356839	0.0102696697078306	3.80340371851063e-10	39.1595635946433	3.90545484840743e-10	-6.2629022168743	3.77877507062863e-10
rs35054928:123340431:GC:G	10_123340431_GC_G	10	123340431	GC	G	0.569	0.998	0.999	76479	53772	0.559865056698221	-0.247396261449502	0.00833764470842833	1.75428529530153e-193	888.044884542498	0	-29.7472087500738	0
rs35215105:110936071:G:GTC	9_110936071_G_GTC	9	110936071	G	GTC	0.614	0.999	0.999	76479	53772	0.598376377148736	0.0866022749096924	0.00836251536997492	3.9302515647263e-25	107.249424202688	0	10.3592344040275	0
rs35369219	18_24518050_AT_A	18	24518050	AT	A	0.266	1	1	76479	53772	0.270047830726827	-0.0703943849960213	0.00919359328923333	1.90481194460761e-14	58.57265920809	1.95399252334028e-14	-7.65844389198884	1.88737914186277e-14
rs35542655:124563705:T:C	8_124563705_T_C	8	124563705	T	C	0.146	0.989	0.997	76479	53772	0.150626517262823	0.0657855905897064	0.0115688475201845	1.2971274495522e-08	32.4210674623027	1.24133395784654e-08	5.6873930181348	1.2899336043759e-08
rs35661955:123395137:T:C	10_123395137_T_C	10	123395137	T	C	0.257	0.941	0.969	76479	53772	0.252626413616786	0.0860918247753364	0.00968532614935413	6.17209035577879e-19	79.2410342852818	0	8.89144032849336	0
rs35668161:52538825:C:A	16_52538825_C_A	16	52538825	C	A	0.298	0.997	0.998	76479	53772	0.281616221756455	0.198209385720268	0.0091835243480751	2.58632487611648e-103	469.948209030117	0	21.6174260974288	0
rs377461046:121403529:T:C	1_121403529_T_C	1	121403529	T	C	0.428	0.566	0.729	76479	53772	0.435892407735833	0.091844841892085	0.0109795247456423	6.00630596364412e-17	70.0421868470439	1.11022302462516e-16	8.36691522273837	0
rs3817197:1906174:G:A	11_1906174_G_A	11	1906174	G	A	0.464	0.997	0.998	76479	53772	0.465343548226117	-0.0482057086251915	0.0082125451817025	4.36413805754371e-09	34.4582270098617	4.35498126449829e-09	-5.87033177389553	4.34923896897033e-09
rs4489633:64238333:T:C	10_64238333_T_C	10	64238333	T	C	0.487	1	1	76479	53772	0.513159864415628	0.0582564471269369	0.00820448196816365	1.24249017918112e-12	50.4361691655649	1.23101528970437e-12	7.10156770847582	1.23345778035855e-12
rs45631563:123349324:A:T	10_123349324_A_T	10	123349324	A	T	0.052	0.961	0.995	76479	53772	0.0439210409133135	-0.20190839963105	0.020171203606295	1.38122232014004e-23	99.7459334123123	0	-10.0242926186549	0
rs45631580:123340107:A:G	10_123340107_A_G	10	123340107	A	G	0.072	0.998	1	76479	53772	0.061543849951248	-0.138250759428776	0.0169478506095769	3.42252614197114e-16	66.2847163547995	4.44089209850063e-16	-8.16330368882489	2.22044604925031e-16
rs45631586:123347153:A:G	10_123347153_A_G	10	123347153	A	G	0.164	0.995	0.998	76479	53772	0.168967942664548	0.15944325578587	0.011077928941266	5.73602718880991e-47	208.829481058085	0	14.4070501618297	0
rs4571481:44687433:C:T	5_44687433_C_T	5	44687433	C	T	0.4	0.999	1	76479	53772	0.383529262731188	0.0840698456318193	0.00845155907872721	2.59225158284141e-23	99.1244148226688	0	9.95015424215272	0
rs4613718	5_44649944_C_T	5	44649944	C	T	0.607	1	1	76479	53772	0.607930073473524	0.0535835168304114	0.00838018669176496	1.61525341059293e-10	40.8757492046279	1.62221680533037e-10	6.39483324109205	1.6072276842749e-10
rs4752568:123330541:C:T	10_123330541_C_T	10	123330541	C	T	0.284	0.965	0.98	76479	53772	0.311149411520833	0.0873992910802812	0.00900174876531484	2.75637378661131e-22	94.5032559716492	0	9.71209118239731	0
rs4752569:123331690:A:T	10_123331690_A_T	10	123331690	A	T	0.479	0.949	0.966	76479	53772	0.513028303045658	0.194043451198415	0.0084264760765424	2.45377349485918e-117	532.469663090102	0	23.0624598480078	0
rs4871015	8_128314516_A_G	8	128314516	A	G	0.415	1	1	76479	53772	0.414833667303898	-0.0720675428364436	0.00829830323229878	3.80037740618529e-18	75.4240773273632	0	-8.68648776441368	0
rs4980386	11_1895708_C_A	11	1895708	C	A	0.388	1	1	76479	53772	0.380860799533209	-0.0736410377382812	0.00841684724334367	2.1478962201496e-18	76.5366371590353	0	-8.75121252809589	0
rs552647	3_27353716_C_A	3	27353716	C	A	0.559	1	1	76479	53772	0.541489124843571	0.108753661660951	0.00824566488683726	1.01264081607155e-39	174.118633399077	0	13.1956830771461	0
rs56387622:46888198:T:C	3_46888198_T_C	3	46888198	T	C	0.106	0.993	0.998	76479	53772	0.0992024399044921	-0.100012845543167	0.0136958118420934	2.82595140198496e-13	53.1778745832562	3.04645197957143e-13	-7.30524540612939	2.76667577736589e-13
rs57589542:152022664:CAAAAAAA:C	6_152022664_CAAAAAAA_C	6	152022664	CAAAAAAA	C	0.619	0.902	0.934	76479	53772	0.621062275913429	0.063681649724967	0.00878363774958792	4.1667494051181e-13	52.548418431601	4.19775325610772e-13	7.25116825687928	4.13225009765483e-13
rs58058861:172285237:G:A	3_172285237_G_A	3	172285237	G	A	0.205	0.996	0.998	76479	53772	0.217726105749668	0.0574093856668009	0.00993228230183008	7.46651400925107e-09	33.4743478892487	7.22101189953861e-09	5.78084621611906	7.43258099511479e-09
rs58166936:44508264:G:GT	5_44508264_G_GT	5	44508264	G	GT	0.151	0.966	0.988	76479	53772	0.120886423136867	-0.105129043379866	0.0127379491838637	1.54188275851488e-16	67.9401800690102	2.22044604925031e-16	-8.25670292345109	2.22044604925031e-16
rs5887960:139943702:CT:C	7_139943702_CT_C	7	139943702	CT	C	0.542	0.928	0.95	76479	53772	0.545912173419014	0.0609517752435836	0.00852826719539265	8.86759770947271e-13	51.0878883789701	8.83182416089312e-13	7.1480717162569	8.79962769317899e-13
rs60037937:110303808:TAA:T	9_110303808_TAA_T	9	110303808	TAA	T	0.241	0.99	0.995	76479	53772	0.215727825506138	0.0804432219712977	0.0100585721829225	1.26992202650899e-15	64.14904033739	1.11022302462516e-15	7.99952736094021	1.33226762955019e-15
rs60954078:151955914:A:G	6_151955914_A_G	6	151955914	A	G	0.08	1	1	76479	53772	0.0791772999823418	0.173212632732412	0.0154047077265578	2.47507473234409e-29	127.820691838744	0	11.2568934046405	0
rs612611	11_69307463_A_G	11	69307463	A	G	0.171	1	1	76479	53772	0.168102356219914	0.143838246879242	0.0110457174458275	9.1636832386473e-39	170.748434081994	0	13.0326216587041	0
rs61804543:121365632:G:A	1_121365632_G_A	1	121365632	G	A	0.35	0.716	0.821	76479	53772	0.354613073987916	0.0973817814581769	0.0101066830325003	5.66791635054949e-22	92.9911245134717	0	9.63811190192839	0
rs62366821	5_44875449_A_G	5	44875449	A	G	0.456	1	1	76479	53772	0.472126893459551	-0.089077184006923	0.00820827507053167	1.94853164566678e-27	117.854409657506	0	-10.8557112181029	0
rs62673961:151946175:A:G	6_151946175_A_G	6	151946175	A	G	0.023	0.758	0.985	76479	53772	0.0255594122118064	0.193421826863675	0.0307366649283478	3.11649970333101e-10	40.0511399139941	2.4740032245063e-10	6.29914272250989	2.99296365469104e-10
rs630965	9_110885479_C_T	9	110885479	C	T	0.66	1	1	76479	53772	0.635350208443697	0.0946244428419288	0.00849639266161059	8.28508866310844e-29	124.007546937995	0	11.1411460186106	0
rs634454:110913154:T:G	9_110913154_T_G	9	110913154	T	G	0.806	0.857	0.936	76479	53772	0.80334585147139	0.0904416579778116	0.0109035660470226	1.08872289965526e-16	68.6891897337628	1.11022302462516e-16	8.29717744865876	0
rs6597981:803017:A:G	11_803017_A_G	11	803017	A	G	0.508	0.993	0.996	76479	53772	0.520806358492449	0.0452415579802959	0.00821355712250291	3.62610991655668e-08	30.3469415554137	3.61276160099067e-08	5.50862332131425	3.61650840385863e-08
rs661348	11_1905292_T_C	11	1905292	T	C	0.429	1	1	76479	53772	0.424633975938764	-0.0624490392342423	0.00828119458565322	4.66143247038109e-14	56.8665348297509	4.66293670342566e-14	-7.54229061298232	4.61852778244065e-14
rs669701:10544725:A:G	1_10544725_A_G	1	10544725	A	G	0.728	0.999	1	76479	53772	0.708823245119039	0.0604782513299833	0.00899561756985641	1.77923541797243e-11	45.1641593468084	1.81190618064875e-11	6.72408471873215	1.76698655707241e-11
rs66987842:40904707:CT:C	22_40904707_CT_C	22	40904707	CT	C	0.131	0.974	0.992	76479	53772	0.116513243660317	0.112471271252411	0.0131076077739032	9.43712780946015e-18	74.0345059331157	0	8.5847003832689	0
rs67205229:123341089:CA:C	10_123341089_CA_C	10	123341089	CA	C	0.477	0.969	0.979	76479	53772	0.471144970096199	0.195552528083518	0.00837026859866318	1.02256116322098e-120	548.47121313907	0	23.398993691169	0
rs6743383	2_19315675_T_A	2	19315675	T	A	0.514	1	1	76479	53772	0.553162739633477	-0.0465385463927615	0.00823919682380796	1.61917485707949e-08	31.9194579094765	1.60699310525203e-08	-5.64894066106951	1.61439563939325e-08
rs687279	8_128344624_C_T	8	128344624	C	T	0.334	1	1	76479	53772	0.312450576195192	0.0806765903022484	0.00885715716095707	8.34267959845136e-20	83.1516903292213	0	9.11105286936042	0
rs6904031:152055978:A:T	6_152055978_A_T	6	152055978	A	T	0.068	0.991	0.999	76479	53772	0.0665239460733507	0.135089871482384	0.0166796035459063	5.53646835544066e-16	66.0808186197246	4.44089209850063e-16	8.10459944586405	4.44089209850063e-16
rs6913578	6_151949806_A_C	6	151949806	A	C	0.31	1	1	76479	53772	0.320531128359859	0.0925873245309202	0.00881701068566954	8.54805901116802e-26	110.556702299189	0	10.5046542708093	0
rs7072776	10_22032942_A_G	10	22032942	A	G	0.678	1	1	76479	53772	0.701311314308527	-0.0535485010854284	0.00896457617767188	2.32438451509641e-09	35.7287279373268	2.26794849567113e-09	-5.97404519575685	2.31441643627761e-09
rs71141201:52640667:C:CA	16_52640667_C_CA	16	52640667	C	CA	0.398	0.874	0.917	76479	53772	0.358565542682974	0.09435864624096	0.00913465457788697	5.1698200374065e-25	106.912341157848	0	10.3331071507251	0
rs71847038:123343273:C:CA	10_123343273_C_CA	10	123343273	C	CA	0.328	0.903	0.94	76479	53772	0.321658720470476	0.214449601234193	0.00933355747834023	8.06585326725801e-117	532.395102592622	0	23.0154651220933	0
rs71888721:123423929:CAAAAA:C	10_123423929_CAAAAA_C	10	123423929	CAAAAA	C	0.174	0.981	0.993	76479	53772	0.169479992476065	-0.0860327567942343	0.0109571864452498	4.10370815432418e-15	61.5384958849463	4.32986979603811e-15	-7.85400548405184	3.99680288865056e-15
rs7207696:53030584:C:CA	17_53030584_C_CA	17	53030584	C	CA	0.25	1	1	76479	53772	0.267721015577616	-0.0637652538219814	0.00925353926115165	5.54388124479619e-12	47.4409675901115	5.66857671913112e-12	-6.89203406968632	5.50004486399303e-12
rs7500067:80648296:A:G	16_80648296_A_G	16	80648296	A	G	0.253	1	1	76479	53772	0.239576475420534	0.0707016150554125	0.00963892253245368	2.21701172200785e-13	53.9272913174646	2.08055794814754e-13	7.33648791409944	2.19380069665931e-13
rs7514172:203770448:T:A	1_203770448_T_A	1	203770448	T	A	0.274	0.999	0.999	76479	53772	0.276931758681315	0.0577903915723121	0.00920867286492258	3.48180581401892e-10	39.4479445935576	3.36922156840558e-10	6.2764894411982	3.46302986287128e-10
rs75209549:44629545:A:G	5_44629545_A_G	5	44629545	A	G	0.116	0.942	0.982	76479	53772	0.140541205057927	0.125151993108652	0.012181909033842	9.26855602861424e-25	106.151606804458	0	10.2796026758939	0
rs7562029:217924261:A:G	2_217924261_A_G	2	217924261	A	G	0.645	0.997	0.998	76479	53772	0.660479355244873	-0.0864432379486955	0.00866935702345042	2.03907040052933e-23	99.647938654758	0	-9.97417884844243	0
rs76250845:56042972:C:T	5_56042972_C_T	5	56042972	C	T	0.049	0.997	1	76479	53772	0.0581894611173811	0.186274550892087	0.0177384520309657	8.53134609779243e-26	111.613647869526	0	10.5150732300393	0
rs7848334	9_110849525_G_T	9	110849525	G	T	0.616	1	1	76479	53772	0.609730443528265	0.0701760956060003	0.0083678352411238	5.01213890219544e-17	70.3198507599591	0	8.38812536549442	0
rs78540526:69331418:C:T	11_69331418_C_T	11	69331418	C	T	0.088	0.99	0.998	76479	53772	0.0862829498429954	0.269760312012944	0.0150474992445684	7.22640889062477e-72	327.240396907146	0	17.9749268897437	0
rs851984	6_152023191_G_A	6	152023191	G	A	0.406	1	1	76479	53772	0.403712831379414	0.0579668526591487	0.00834913809172081	3.8425458916111e-12	48.2503263063554	3.75133257790594e-12	6.94382203924362	3.81628062484651e-12
rs910416	6_152432902_C_T	6	152432902	C	T	0.5	1	1	76479	53772	0.523047807694375	0.0624679030006647	0.00823163849553516	3.22989207799501e-14	57.6123420817021	3.19744231092045e-14	7.58998884867854	3.19744231092045e-14
rs9421410:123095209:G:A	10_123095209_G_A	10	123095209	G	A	0.352	0.997	0.998	76479	53772	0.320927063899701	-0.0531447521418941	0.00879958051925586	1.5462674624595e-09	36.4557840349153	1.56169011056306e-09	-6.04016237449901	1.53959223148092e-09
rs978683	8_128374117_A_G	8	128374117	A	G	0.589	1	1	76479	53772	0.601104789982419	-0.0855465240535163	0.0083861134153787	1.9629417085608e-24	104.238382422045	0	-10.2040543832101	0
